94 51 93 53 82 96 43 50 96 90
79 52 48 83 88 90 53 51 99 67 98 90
43 64 58 83 43 83 86 52 84 66 54 55
52 58 92 72 68 74 49 43 73 60 98 50 60 65 58 63
85 88 92 92 46 50 72 88 92 43 65
61 52 46 76 44 72 50 50 93
47 57 76 68 70 54 56 90 85 47 51 42 80 97
83 76 52 61 50 47 87 51 82 41 73 72 76 53 53
87 73 100 59 97 77 77 85 91 74
42 67 80 85 71 84 58 59 97 60 47 48 86 57 84
86 61 75 46 43 63 76 63
69 42 62 68 88 59 78 62 42 99 98
97 93 44 57 72 90 57 93 78 51 58 67 95 44 77 88 50
80 75 64 55 61 81 100 48 88 66 69 42 77 98 85 94
94 47 51 65 96 55 100 49 48 66 91 95 91 100 46
76 89 52 70 100 64 72 63 66 63 95 92
88 68 93 98 43 82 56 100 90
48 93 92 73 82 77 42 51 44 71 61 56
91 82 79 96 82 83 65 59 41 86 41 62
94 67 70 60 84 78 62 70 61 88 55
48 64 90 66 99 80 97 41 58 58 48 43
99 63 98 47 85 86 49 77 52 55 41
88 41 59 58 60 60 73 85 100 97 94 68 50 91 95
61 67 47 73 79 60 93 91 85 100 74 100
99 57 80 81 61 43 91 64 50
64 59 49 56 83 70 41 67 83 71
100 82 79 96 47 52 66 92 67 46
84 94 95 71 49 54 97 72 75 55 55 61 68 93
100 90 76 90 66 87 55 65 97 81 100 48 96
42 99 66 92 73 85 96 87 97 58 65 62
97 55 70 89 98 99 55 48 59 54 79 72 91 51 41 93 54
57 84 89 49 55 81 79 64 74 57
54 90 94 44 46 100 92 45 52 49 43 99 52
48 60 67 65 51 61 93 50 50 41 41 80 44 47 69
68 45 78 96 86 49 62 59 87 56 70 73
54 53 77 51 52 77 95
78 72 48 74 72 66 88 95
55 94 86 60 62 89 75 53 55 95 45 78 46 84 87 78
76 53 84 70 66 53 81 85 98
89 44 41 41 49 80 65 79 85
82 44 87 88 44 97 86 55 46 77 50 89 77 92
41 93 47 43 94 44 95 66 78 100 82 84
79 52 64 94 90 68 95 69 79 84 87
47 98 100 52 61 72 85 44 77 97 60 77 95 88
98 91 57 83 47 52 74 72 97 71 66 52 42 64 66
74 98 46 86 82 81 100 74 51 66 70
85 61 64 94 61 61 98 73 73
53 93 76 49 74 84 52 87 65 42 62
74 45 61 77 67 72 94 64 74 44 75 57 41 77 53
70 75 70 90 50 68 89 84 72 56 46 88
45 61 77 60 50 93 67 44 76 62
48 68 94 99 47 43 51 80 88 90 70 56 69 58
82 84 73 64 45 82 75 80 54 68 92
68 77 66 46 55 76 54 100 90 57 93
44 92 91 99 76 97 61 79 58 91 88 87
59 60 85 96 86 95 42 44 99 50 64 41
61 78 73 43 84 55 57 90 99 97 51 73
62 57 45 42 76 69 71 45 61 44 46 80 67 57
76 84 61 65 48 82 98 100 41 59 61 89 64 42 65 75 61 85
97 52 87 89 65 99 99 61
91 88 70 92 92 88 47 47 97 73
96 49 94 45 81 96 86 61 93 65 81 44 74
90 86 69 48 56 88 44 75 44 71 68 67 89
43 42 99 76 52 95 44 44 56 60 44
91 46 77 96 89 89 90 56 94
59 63 54 59 61 46 68 94 57 44 98 50 57 65 82 46
58 63 52 61 88 94 72 87 77 58 75 99 61
98 100 72 50 72 76 73 97 54 61 79 52 98 59 74 54
49 74 57 80 64 97 74 42 93 66 79
91 55 82 44 44 61 100 43 100 97 91
98 61 93 60 86 75 64 65 90 49 72 78 68 99 98
69 71 83 68 56 48 72 74 94 86 59 41
87 73 82 71 92 46 60 65
93 87 91 97 91 58 56 92 74 68 47 94 41 76 65
92 81 44 97 60 87 92 89 52 65 90
98 81 43 51 81 100 100 81 68 43 54
74 73 49 54 61 41 71 46 63 61 79 96 89
65 88 63 65 49 55 58 88 91 97 50 67 77
55 85 46 60 90 60 51 99 62
56 53 54 47 62 47 80 68 52
73 69 70 65 92 56 65 64 41 79 57 94 65
54 86 50 80 45 82 96 64 74 85 66 72 87
54 67 47 88 57 83 66 44 72 83 83 41
68 44 83 58 74 69 47 97
51 82 93 94 59 71 88 41 71 58 89 93
57 98 77 51 61 70 98 61 48 81 57 82
52 79 92 73 90 81 66 69 41 96 41 73
53 76 93 95 94 77 89 98 94 78 41 62
55 78 95 50 67 48 65 90 99 67
45 51 91 89 89 66 56 55 96
72 100 90 69 81 100 63 53 97
69 87 65 60 100 84 81 89
73 43 72 91 41 64 87
98 50 94 77 85 99 54 41 71 55 79
83 78 64 67 92 50 93 52 52 65 58 61
76 99 54 98 75 54 55
90 65 66 82 45 43 84 63 43 53 99 66 68
73 84 97 41 53 50 94 69 54 86 75 88 98 80 69
87 89 51 55 63 84 85 90 87 46 55 68 97 70
100 48 47 58 53 44 54 87 48 45 96 43
